letters.append(Letter("A", [0,1,1,1,0,1,0,0,0,1,1,1,1,1,1,1,0,0,0,1,1,0,0,0,1]))
letters.append(Letter("B", [1,1,1,1,0,1,0,0,0,1,1,1,1,1,0,1,0,0,0,1,1,1,1,1,0]))
letters.append(Letter("C", [0,1,1,1,1,1,0,0,0,0,1,0,0,0,0,1,0,0,0,0,0,1,1,1,1]))
letters.append(Letter("D", [1,1,1,1,0,1,0,0,0,1,1,0,0,0,1,1,0,0,0,1,1,1,1,1,0]))
letters.append(Letter("E", [1,1,1,1,1,1,0,0,0,0,1,1,1,0,0,1,0,0,0,0,1,1,1,1,1]))
letters.append(Letter("F", [1,1,1,1,1,1,0,0,0,0,1,1,1,0,0,1,0,0,0,0,1,0,0,0,0]))
letters.append(Letter("G", [0,1,1,1,1,1,0,0,0,0,1,0,1,1,1,1,0,0,0,1,0,1,1,1,0]))
letters.append(Letter("H", [1,0,0,0,1,1,0,0,0,1,1,1,1,1,1,1,0,0,0,1,1,0,0,0,1]))
letters.append(Letter("I", [0,0,1,0,0,0,0,1,0,0,0,0,1,0,0,0,0,1,0,0,0,0,1,0,0]))
letters.append(Letter("J", [0,0,0,0,1,0,0,0,0,1,0,0,0,0,1,1,0,0,0,1,0,1,1,1,0]))
letters.append(Letter("K", [1,0,0,0,1,1,0,0,1,0,1,1,1,0,0,1,0,0,1,0,1,0,0,0,1]))
letters.append(Letter("L", [1,0,0,0,0,1,0,0,0,0,1,0,0,0,0,1,0,0,0,0,1,1,1,1,1]))
letters.append(Letter("M", [1,0,0,0,1,1,1,0,1,1,1,0,1,0,1,1,0,0,0,1,1,0,0,0,1]))
letters.append(Letter("N", [1,0,0,0,1,1,1,0,0,1,1,0,1,0,1,1,0,0,1,1,1,0,0,0,1]))
letters.append(Letter("O", [0,1,1,1,0,1,0,0,0,1,1,0,0,0,1,1,0,0,0,1,0,1,1,1,0]))
letters.append(Letter("P", [1,1,1,1,0,1,0,0,0,1,1,1,1,1,0,1,0,0,0,0,1,0,0,0,0]))
letters.append(Letter("Q", [0,1,1,1,0,1,0,0,0,1,1,0,1,0,1,1,0,0,1,0,0,1,1,0,1]))
letters.append(Letter("R", [1,1,1,1,0,1,0,0,0,1,1,1,1,1,0,1,0,0,0,1,1,0,0,0,1]))
letters.append(Letter("S", [0,1,1,1,1,1,0,0,0,0,0,1,1,1,0,0,0,0,0,1,1,1,1,1,0]))
letters.append(Letter("T", [1,1,1,1,1,0,0,1,0,0,0,0,1,0,0,0,0,1,0,0,0,0,1,0,0]))
letters.append(Letter("U", [1,0,0,0,1,1,0,0,0,1,1,0,0,0,1,1,0,0,0,1,0,1,1,1,0]))
letters.append(Letter("V", [1,0,0,0,1,1,0,0,0,1,1,0,0,0,1,0,1,0,1,0,0,0,1,0,0]))
letters.append(Letter("W", [1,0,0,0,1,1,0,0,0,1,1,0,1,0,1,1,1,0,1,1,1,0,0,0,1]))
letters.append(Letter("X", [1,0,0,0,1,0,1,0,1,0,0,0,1,0,0,0,1,0,1,0,1,0,0,0,1]))
letters.append(Letter("Y", [1,0,0,0,1,0,1,0,1,0,0,0,1,0,0,0,0,1,0,0,0,0,1,0,0]))
letters.append(Letter("Z", [1,1,1,1,1,0,0,0,1,0,0,0,1,0,0,0,1,0,0,0,1,1,1,1,1]))