Memoria Asociativa de Hopfield

Generar patrones con diferentes grados de ortogonalidad.

Consultar:

Ortogonalidad 2-1: [[1]]
Ortogonalidad 3-2: [[-1]]
Ortogonalidad 1-3: [[-1]]
vectors:
0) [[ 1  1 -1  1  1]]
1) [[ 1  1  1  1 -1]]
2) [[ 1 -1  1 -1  1]]
matrix after:
[[ 0.  -0.4 -0.4 -0.4 -0.4]
 [-0.4  0.  -0.8  0.  -0.8]
 [-0.4 -0.8  0.  -0.8 -0.8]
 [-0.4  0.  -0.8  0.  -0.8]
 [-0.4 -0.8 -0.8 -0.8  0. ]]
Activation step:
0) [[ 1  1 -1  1  1]] == [[ 1. -1.  1. -1.  1.]] = False
1) [[ 1  1  1  1 -1]] == [[ 1.  1. -1.  1. -1.]] = False
2) [[ 1 -1  1 -1  1]] == [[ 1. -1.  1. -1.  1.]] = True

---------------------------------------------------------------------
Ortogonalidad 2-1: [[1]]
Ortogonalidad 3-2: [[1]]
Ortogonalidad 1-3: [[-3]]
vectors:
0) [[ 1 -1  1  1 -1]]
1) [[ 1  1  1 -1 -1]]
2) [[ 1  1 -1 -1  1]]
matrix after:
[[ 0.  -0.4 -0.4 -0.8 -0.8]
 [-0.4  0.  -0.8 -1.2 -0.4]
 [-0.4 -0.8  0.  -0.4 -1.2]
 [-0.8 -1.2 -0.4  0.  -0.8]
 [-0.8 -0.4 -1.2 -0.8  0. ]]
Activation step:
0) [[ 1 -1  1  1 -1]] == [[ 1. -1.  1.  1. -1.]] = True
1) [[ 1  1  1 -1 -1]] == [[ 1.  1.  1. -1. -1.]] = True
2) [[ 1  1 -1 -1  1]] == [[ 1.  1. -1. -1.  1.]] = True
-------------------------------------------------------------------------
Ortogonalidad 2-1: [[-1]]
Ortogonalidad 3-2: [[-1]]
Ortogonalidad 1-3: [[-3]]
vectors:
0) [[-1 -1  1  1 -1]]
1) [[ 1  1  1 -1 -1]]
2) [[-1  1 -1 -1  1]]
matrix after:
[[ 0.  -0.4 -0.4 -0.8 -0.8]
 [-0.4  0.  -0.8 -1.2 -0.4]
 [-0.4 -0.8  0.  -0.4 -1.2]
 [-0.8 -1.2 -0.4  0.  -0.8]
 [-0.8 -0.4 -1.2 -0.8  0. ]]
Activation step:
0) [[-1 -1  1  1 -1]] == [[ 1. -1.  1.  1. -1.]] = False
1) [[ 1  1  1 -1 -1]] == [[ 1.  1.  1. -1. -1.]] = True
2) [[-1  1 -1 -1  1]] == [[ 1.  1. -1. -1.  1.]] = False


